118
856
299
675
341
770
924
591
751
431
348
961
549
707
7
43
273
712
112
700
987
899
82
966
819
989
788
956
169
551
146
597
501
672
837
423
656
761
470
660
434
918
414
508
153
11
704
780
218
767
263
606
641
23
435
93
18
518
416
420
94
211
851
571
258
210
930
575
584
448
667
699
485
114
316
685
850
242
324
831
67
123
565
823
822
907
682
478
225
132
990
948
973
399
844
137
857
77
769
335
45
836
885
46
240
115
40
106
347
373
372
326
936
696
161
216
908
472
566
215
702
238
812
270
799
734
848
680
117
534
168
792
942
560
596
489
657
502
251
463
976
721
963
905
580
352
567
664
725
128
194
308
334
503
914
97
102
605
729
959
56
206
57
741
275
743
818
274
972
138
855
882
724
217
371
944
346
562
297
182
981
820
884
338
409
241
65
279
350
594
201
124
446
916
816
332
995
874
504
906
648
645
208
359
460
336
155
64
928
323
113
774
521
507
520
893
220
247
284
166
665
817
457
196
814
824
36
187
640
861
800
329
716
827
796
149
286
689
746
611
533
524
876
39
599
315
526
895
449
515
531
661
620
755
151
452
145
99
370
296
911
70
643
29
581
927
870
941
396
92
321
622
141
572
569
228
276
234
55
30
753
249
830
388
48
650
736
527
343
4
374
553
193
433
392
49
994
148
26
593
51
5
192
694
815
793
481
833
455
377
376
417
307
982
437
653
737
915
483
1000
726
554
147
282
590
266
62
698
731
136
294
116
354
797
811
842
506
785
829
180
152
782
977
573
361
170
298
164
514
902
498
878
670
90
957
459
235
127
474
891
795
841
595
198
20
615
932
546
391
519
191
693
281
15
289
378
663
349
72
213
468
804
50
745
588
921
688
530
771
290
95
979
931
828
537
248
538
319
223
813
953
54
587
993
91
415
174
558
440
367
59
475
60
333
12
401
269
232
980
690
410
673
183
522
466
342
946
185
76
757
85
227
243
236
619
654
476
305
317
505
826
256
910
140
901
618
285
762
758
970
355
402
487
933
126
998
386
68
509
108
649
134
89
214
733
500
601
633
25
662
570
340
768
631
98
832
821
738
200
165
150
890
154
425
469
825
765
965
802
96
691
913
135
486
245
181
722
261
559
404
624
996
87
250
337
547
105
719
397
186
438
986
574
88
674
809
383
252
264
847
991
727
542
730
21
877
320
943
362
195
131
407
983
2
887
863
119
860
173
644
184
400
101
83
121
607
577
171
411
496
776
602
787
458
491
356
945
254
412
375
881
78
846
358
436
497
715
772
744
535
714
783
441
360
314
44
555
779
461
3
394
322
384
66
197
292
646
971
157
33
999
406
24
775
579
711
110
488
312
763
494
790
426
418
568
395
492
614
589
747
288
866
544
204
550
408
888
523
480
188
163
697
27
668
865
585
516
75
100
462
849
74
311
63
159
839
754
810
967
840
465
576
713
277
889
239
58
28
872
603
543
443
327
428
104
845
701
120
381
749
652
429
612
937
453
676
627
389
773
658
706
759
177
144
268
955
42
86
125
794
189
563
586
852
202
766
525
495
669
952
896
859
257
444
79
37
231
962
403
975
260
838
302
949
129
1
687
798
886
10
306
517
61
226
219
777
552
992
456
477
718
178
917
958
380
929
626
892
756
351
445
540
419
439
233
939
938
632
510
968
951
304
300
808
806
869
221
203
385
985
143
764
222
109
158
511
259
133
421
318
8
393
960
442
617
864
604
22
666
331
283
473
454
447
6
853
630
629
750
636
564
413
205
107
262
71
984
988
692
858
14
353
598
212
424
484
964
272
47
950
265
879
230
357
267
368
903
207
880
639
557
303
684
862
9
803
748
883
683
450
954
345
512
610
32
703
176
122
513
31
681
786
111
609
81
539
528
843
464
366
301
379
659
935
582
835
330
175
997
278
536
834
482
545
934
909
647
398
710
854
291
638
13
752
156
728
635
947
295
875
621
17
142
778
900
199
789
904
287
637
974
578
940
926
625
679
190
894
807
791
390
344
709
695
634
325
280
655
529
471
328
493
313
224
387
69
671
912
427
255
35
705
623
80
628
898
84
919
616
73
969
592
172
162
739
451
742
139
130
801
922
293
923
364
784
781
740
978
103
309
925
867
600
686
237
405
920
873
52
19
382
422
717
432
271
708
209
608
868
244
160
16
363
490
430
253
678
897
548
561
613
499
246
467
651
805
677
720
479
53
38
532
541
583
310
229
34
642
723
369
556
339
365
167
871
735
179
760
732
41
